X Y
0	0
0.000290723173274029	-1.26055460813032e-06
0.000581424484265403	-5.04212363924492e-06
0.000872082072335506	-1.13444227206574e-05
0.00116267408013367	-2.01669779216397e-05
0.00145317865524083	-3.15091257890800e-05
0.00174357395181285	-4.53700133973506e-05
0.00203383813222329	-6.17485984124808e-05
0.00232394936870560	-8.06436491704994e-05
0.00261388584499455	-0.000102053744770095
0.00290362575796685	-0.000125977275179439
0.00319314731928067	-0.000152412441357266
0.00348242875701416	-0.000181357255388180
0.00377144831730269	-0.000212809540632111
0.00406018426597472	-0.000246766931888030
0.00434861489018619	-0.000283226875571792
0.00463671850005335	-0.000322186629908167
0.00492447343028382	-0.000363643265137028
0.00521185804180580	-0.000407593663733663
0.00549885072339533	-0.000454034520643212
0.00578542989330144	-0.000502962343529200
0.00607157400086912	-0.000554373453036181
0.00635726152815987	-0.000608263983066394
0.00664247099156989	-0.000664629881070515
0.00692718094344560	-0.000723466908352394
0.00721136997369654	-0.000784770640387819
0.00749501671140536	-0.000848536467157217
0.00777809982643493	-0.000914759593492346
0.00806059803103234	-0.000983435039436876
0.00834249008142976	-0.00105455764062090
0.00862375477944193	-0.00112812204864925
0.00890437097406029	-0.00120412273150374
0.00918431756304351	-0.00128255397395918
0.00946357349450436	-0.00136340987801308
0.00974211776849283	-0.00144668436332928
0.0100199294385753	-0.00153237116769511
0.0102969876134097	-0.00162046384749235
0.0105732714583166	-0.00171095577818178
0.0108487601968459	-0.00180384015480132
0.0111234331123391	-0.00189910999247780
0.0113972695494875	-0.00199675812695219
0.0116702489158851	-0.00209677721511835
0.0119423506835775	-0.00219915973557525
0.0122135543906053	-0.00230389798919255
0.0124838396425431	-0.00241098409968961
0.0127531861140327	-0.00252041001422774
0.0130215735503123	-0.00263216750401580
0.0132889817687388	-0.00274624816492899
0.0135553906603063	-0.00286264341814083
0.0138207801911576	-0.00298134451076831
0.0140851304040913	-0.00310234251653010
0.0143484214200624	-0.00322562833641776
0.0146106334396769	-0.00335119269938002
0.0148717467446812	-0.00347902616302000
0.0151317416994444	-0.00360911911430516
0.0153905987524355	-0.00374146177029032
0.0156482984376931	-0.00387604417885325
0.0159048213762894	-0.00401285621944313
0.0161601482777876	-0.00415188760384153
0.0164142599416927	-0.00429312787693616
0.0166671372588948	-0.00443656641750706
0.0169187612131066	-0.00458219243902530
0.0171691128822934	-0.00472999499046414
0.0174181734400957	-0.00487996295712256
0.0176659241572452	-0.00503208506146101
0.0179123464029731	-0.00518634986394957
0.0181574216464114	-0.00534274576392814
0.0184011314579860	-0.00550126100047884
0.0186434575108029	-0.00566188365331037
0.0188843815820262	-0.00582460164365448
0.0191238855542486	-0.00598940273517426
0.0193619514168539	-0.00615627453488429
0.0195985612673709	-0.00632520449408263
0.0198336973128203	-0.00649617990929443
0.0200673418710524	-0.00666918792322727
0.0202994773720766	-0.00684421552573799
0.0205300863593833	-0.00702124955481107
0.0207591514912557	-0.00720027669754842
0.0209866555420748	-0.00738128349117046
0.0212125814036143	-0.00756425632402854
0.0214369120863269	-0.00774918143662859
0.0216596307206225	-0.00793604492266569
0.0218807205581364	-0.00812483273006999
0.0221001649729888	-0.00831553066206327
0.0223179474630352	-0.00850812437822663
0.0225340516511073	-0.00870259939557885
0.0227484612862444	-0.00889894108966550
0.0229611602449157	-0.00909713469565870
0.0231721325322327	-0.00929716530946744
0.0233813622831518	-0.00949901788885834
0.0235888337636678	-0.00970267725458686
0.0237945313719967	-0.00990812809153873
0.0239984396397490	-0.0101153549498816
0.0242005432330932	-0.0103243422462271
0.0244008269539086	-0.0105350742648024
0.0245992757409281	-0.0107475351586321
0.0247958746708713	-0.0109617089507300
0.0249906089595663	-0.0111775795353008
0.0251834639630615	-0.0113951306789505
0.0253744251787269	-0.0116143460219081
0.0255634782463449	-0.0118352090792552
0.0257506089491897	-0.0120577032421657
0.0259358032150968	-0.0122818117791552
0.0261190471175212	-0.0125075178373387
0.0263003268765843	-0.0127348044436982
0.0264796288601107	-0.0129636545063592
0.0266569395846528	-0.0131940508158757
0.0268322457165051	-0.0134259760465243
0.0270055340727069	-0.0136594127576075
0.0271767916220332	-0.0138943433947649
0.0273460054859753	-0.0141307502912933
0.0275131629397089	-0.0143686156694755
0.0276782514130508	-0.0146079216419168
0.0278412584914046	-0.0148486502128904
0.0280021719166942	-0.0150907832796905
0.0281609795882853	-0.0153343026339937
0.0283176695638955	-0.0155791899632285
0.0284722300604926	-0.0158254268519517
0.0286246494551804	-0.0160729947832341
0.0287749162860728	-0.0163218751400523
0.0289230192531559	-0.0165720492066892
0.0290689472191374	-0.0168234981701409
0.0292126892102845	-0.0170762031215319
0.0293542344172488	-0.0173301450575367
0.0294935721958795	-0.0175853048818091
0.0296306920680236	-0.0178416634064179
0.0297655837223138	-0.0180992013532904
0.0298982370149441	-0.0183578993556615
0.0300286419704325	-0.0186177379595303
0.0301567887823712	-0.0188786976251233
0.0302826678141640	-0.0191407587283632
0.0304062695997510	-0.0194039015623454
0.0305275848443205	-0.0196681063388190
0.0306466044250077	-0.0199333531896759
0.0307633193915812	-0.0201996221684439
0.0308777209671155	-0.0204668932517876
0.0309898005486516	-0.0207351463410133
0.0310995497078435	-0.0210043612635810
0.0312069601915920	-0.0212745177746211
0.0313120239226659	-0.0215455955584568
0.0314147330003085	-0.0218175742301320
0.0315150797008327	-0.0220904333369442
0.0316130564782011	-0.0223641523599824
0.0317086559645936	-0.0226387107156701
0.0318018709709618	-0.0229140877573134
0.0318926944875692	-0.0231902627766535
0.0319811196845187	-0.0234672150054238
0.0320671399122659	-0.0237449236169122
0.0321507487021191	-0.0240233677275264
0.0322319397667262	-0.0243025263983650
0.0323107070005469	-0.0245823786367921
0.0323870444803125	-0.0248629033980156
0.0324609464654707	-0.0251440795866698
0.0325324073986176	-0.0254258860584021
0.0326014219059156	-0.0257083016214628
0.0326679847974975	-0.0259913050382985
0.0327320910678568	-0.0262748750271497
0.0327937358962239	-0.0265589902636507
0.0328529146469290	-0.0268436293824335
0.0329096228697503	-0.0271287709787341
0.0329638563002491	-0.0274143936100027
0.0330156108600899	-0.0277004757975155
0.0330648826573478	-0.0279869960279905
0.0331116679868004	-0.0282739327552048
0.0331559633302071	-0.0285612644016152
0.0331977653565732	-0.0288489693599807
0.0332370709224009	-0.0291370259949875
0.0332738770719250	-0.0294254126448755
0.0333081810373358	-0.0297141076230680
0.0333399802389869	-0.0300030892198017
0.0333692722855892	-0.0302923357037601
0.0333960549743909	-0.0305818253237070
0.0334203262913430	-0.0308715363101225
0.0334420844112509	-0.0311614468768401
0.0334613276979113	-0.0314515352226849
0.0334780547042358	-0.0317417795331129
0.0334922641723592	-0.0320321579818520
0.0335039550337345	-0.0323226487325425
0.0335131264092128	-0.0326132299403800
0.0335197776091099	-0.0329038797537574
0.0335239081332578	-0.0331945763159090
0.0335255176710426	-0.0334852977665530
0.0335246061014275	-0.0337760222435364
0.0335211734929623	-0.0340667278844785
0.0335152201037779	-0.0343573928284151
0.0335067463815672	-0.0346479952174423
0.0334957529635512	-0.0349385131983605
0.0334822406764310	-0.0352289249243173
0.0334662105363262	-0.0355192085564509
0.0334476637486976	-0.0358093422655319
0.0334266017082574	-0.0360993042336052
0.0334030259988637	-0.0363890726556305
0.0333769383934017	-0.0366786257411221
0.0333483408536506	-0.0369679417157875
0.0333172355301352	-0.0372569988231650
0.0332836247619655	-0.0375457753262595
0.0332475110766594	-0.0378342495091772
0.0332088971899538	-0.0381223996787589
0.0331677860055996	-0.0384102041662107
0.0331241806151439	-0.0386976413287344
0.0330780842976968	-0.0389846895511540
0.0330295005196857	-0.0392713272475420
0.0329784329345940	-0.0395575328628421
0.0329248853826864	-0.0398432848744906
0.0328688618907206	-0.0401285617940344
0.0328103666716438	-0.0404133421687473
0.0327494041242763	-0.0406976045832429
0.0326859788329808	-0.0409813276610856
0.0326200955673174	-0.0412644900663974
0.0325517592816849	-0.0415470705054628
0.0324809751149486	-0.0418290477283300
0.0324077483900535	-0.0421104005304088
0.0323320846136241	-0.0423911077540652
0.0322539894755504	-0.0426711482902125
0.0321734688485598	-0.0429505010798988
0.0320905287877759	-0.0432291451158902
0.0320051755302626	-0.0435070594442511
0.0319174154945557	-0.0437842231659197
0.0318272552801796	-0.0440606154382793
0.0317347016671515	-0.0443362154767261
0.0316397616154711	-0.0446110025562320
0.0315424422645978	-0.0448849560129031
0.0314427509329132	-0.0451580552455336
0.0313406951171713	-0.0454302797171553
0.0312362824919342	-0.0457016089565813
0.0311295209089955	-0.0459720225599464
0.0310204183967895	-0.0462415001922404
0.0309089831597876	-0.0465100215888381
0.0307952235778813	-0.0467775665570228
0.0306791482057521	-0.0470441149775049
0.0305607657722279	-0.0473096468059348
0.0304400851796272	-0.0475741420744104
0.0303171155030889	-0.0478375808929784
0.0301918659898905	-0.0480999434511303
0.0300643460587522	-0.0483612100192919
0.0299345652991291	-0.0486213609503071
0.0298025334704896	-0.0488803766809154
0.0296682605015819	-0.0491382377332229
0.0295317564896870	-0.0493949247161672
0.0293930316998597	-0.0496504183269754
0.0292520965641564	-0.0499046993526158
0.0291089616808510	-0.0501577486712428
0.0289636378136373	-0.0504095472536346
0.0288161358908204	-0.0506600761646244
0.0286664670044939	-0.0509093165645242
0.0285146424097067	-0.0511572497105418
0.0283606735236162	-0.0514038569581897
0.0282045719246296	-0.0516491197626878
0.0280463493515335	-0.0518930196803575
0.0278860177026109	-0.0521355383700088
0.0277235890347468	-0.0523766575943198
0.0275590755625210	-0.0526163592212076
0.0273924896572901	-0.0528546252251924
0.0272238438462570	-0.0530914376887525
0.0270531508115286	-0.0533267788036722
0.0268804233891624	-0.0535606308723805
0.0267056745682011	-0.0537929763092823
0.0265289174896961	-0.0540237976420807
0.0263501654457189	-0.0542530775130908
0.0261694318783616	-0.0544807986805451
0.0259867303787264	-0.0547069440198901
0.0258020746859033	-0.0549314965250742
0.0256154786859367	-0.0551544393098261
0.0254269564107819	-0.0553757556089251
0.0252365220372490	-0.0555954287794616
0.0250441898859374	-0.0558134423020888
0.0248499744201588	-0.0560297797822646
0.0246538902448493	-0.0562444249514850
0.0244559521054717	-0.0564573616685071
0.0242561748869058	-0.0566685739205630
0.0240545736123298	-0.0568780458245639
0.0238511634420902	-0.0570857616282948
0.0236459596725619	-0.0572917057115985
0.0234389777349978	-0.0574958625875509
0.0232302331943684	-0.0576982169036251
0.0230197417481913	-0.0578987534428461
0.0228075192253510	-0.0580974571249352
0.0225935815849082	-0.0582943130074437
0.0223779449148998	-0.0584893062868770
0.0221606254311294	-0.0586824222998075
0.0219416394759473	-0.0588736465239775
0.0217210035170221	-0.0590629645793911
0.0214987341461019	-0.0592503622293956
0.0212748480777672	-0.0594358253817522
0.0210493621481731	-0.0596193400896956
0.0208222933137841	-0.0598008925529828
0.0205936586500985	-0.0599804691189311
0.0203634753503642	-0.0601580562834445
0.0201317607242864	-0.0603336406920293
0.0198985321967252	-0.0605072091407982
0.0196638073063856	-0.0606787485774637
0.0194276037044987	-0.0608482461023191
0.0191899391534942	-0.0610156889692089
0.0189508315256645	-0.0611810645864869
0.0187102988018211	-0.0613443605179638
0.0184683590699420	-0.0615055644838415
0.0182250305238118	-0.0616646643616373
0.0179803314616536	-0.0618216481870950
0.0177342802847528	-0.0619765041550851
0.0174868954960731	-0.0621292206204919
0.0172381956988656	-0.0622797860990898
0.0169881995952696	-0.0624281892684066
0.0167369259849061	-0.0625744189685749
0.0164843937634641	-0.0627184642031716
0.0162306219212799	-0.0628603141400446
0.0159756295419087	-0.0629999581121274
0.0157194358006898	-0.0631373856182413
0.0154620599633044	-0.0632725863238852
0.0152035213843270	-0.0634055500620125
0.0149438395057698	-0.0635362668337957
0.0146830338556207	-0.0636647268093786
0.0144211240463750	-0.0637909203286153
0.0141581297735603	-0.0639148379017964
0.0138940708142554	-0.0640364702103630
0.0136289670256033	-0.0641558081076075
0.0133628383433176	-0.0642728426193609
0.0130957047801839	-0.0643875649446683
0.0128275864245542	-0.0644999664564501
0.0125585034388366	-0.0646100387021514
0.0122884760579791	-0.0647177734043772
0.0120175245879479	-0.0648231624615149
0.0117456694042003	-0.0649261979483436
0.0114729309501528	-0.0650268721166302
0.0111993297356432	-0.0651251773957118
0.0109248863353888	-0.0652211063930653
0.0106496213874389	-0.0653146518948630
0.0103735555916229	-0.0654058068665154
0.0100967097079938	-0.0654945644531999
0.00981910455526680	-0.0655809179803766
0.00954076100925390	-0.0656648609542899
0.00926170000129405	-0.0657463870624570
0.00898194251667910	-0.0658254901741426
0.00870150959307566	-0.0659021643408200
0.00842042231894317	-0.0659764037966182
0.00813870183194798	-0.0660482029587555
0.00785636931737382	-0.0661175564279598
0.00757344600652870	-0.0661844589888740
0.00728995317514831	-0.0662489056104485
0.00700591214179605	-0.0663108914463196
0.00672134426626001	-0.0663704118351736
0.00643627094794651	-0.0664274623010979
0.00615071362427109	-0.0664820385539170
0.00586469376904628	-0.0665341364895154
0.00557823289086683	-0.0665837521901464
0.00529135253149228	-0.0666308819247262
0.00500407426422699	-0.0666755221491151
0.00471641969229786	-0.0667176695063835
0.00442841044722980	-0.0667573208270647
0.00414006818721897	-0.0667944731293930
0.00385141459550418	-0.0668291236195280
0.00356247137873628	-0.0668612696917648
0.00327326026534578	-0.0668909089287298
0.00298380300390895	-0.0669180391015626
0.00269412136151232	-0.0669426581700835
0.00240423712211579	-0.0669647642829470
0.00211417208491447	-0.0669843557777810
0.00182394806269939	-0.0670014311813120
0.00153358688021724	-0.0670159892094753
0.00124311037252907	-0.0670280287675123
0.000952540383368353	-0.0670375489500523
0.000661898763498408	-0.0670445490411809
0.000371207369069052	-0.0670490285144938
8.04880599732110e-05	-0.0670509870331359
-0.000210237301797077	-0.0670504244498274
-0.000500946853794567	-0.0670473408068743
-0.000791618734760907	-0.0670417363361655
-0.00108223108627064	-0.0670336114591554
-0.00137276205437484	-0.0670229667868319
-0.00166318979124462	-0.0670098031196706
-0.00195349245681406	-0.0669941214475748
-0.00224364822042252	-0.0669759229498008
-0.00253363526245638	-0.0669552089948695
-0.00282343177598979	-0.0669319811404631
-0.00311301596842457	-0.0669062411333083
-0.00340236606312907	-0.0668779909090448
-0.00369146030107566	-0.0668472325920797
-0.00398027694247703	-0.0668139684954278
-0.00426879426842112	-0.0667782011205379
-0.00455699058250420	-0.0667399331571041
-0.00484484421246259	-0.0666991674828643
-0.00513233351180226	-0.0666559071633830
-0.00541943686142680	-0.0666101554518214
-0.00570613267126303	-0.0665619157886925
-0.00599239938188464	-0.0665111918016024
-0.00627821546613346	-0.0664579873049774
-0.00656355943073823	-0.0664023062997775
-0.00684840981793092	-0.0663441529731950
-0.00713274520706040	-0.0662835316983401
-0.00741654421620316	-0.0662204470339119
-0.00769978550377133	-0.0661549037238553
-0.00798244777011748	-0.0660869066970049
-0.00826450975913637	-0.0660164610667136
-0.00854595025986345	-0.0659435721304685
-0.00882674810806983	-0.0658682453694927
-0.00910688218785388	-0.0657904864483326
-0.00938633143322917	-0.0657103012144324
-0.00966507482970850	-0.0656276956976941
-0.00994309141588436	-0.0655426761100242
-0.0102203602850050	-0.0654552488448664
-0.0104968605865469	-0.0653654204767209
